1065255	79
1111472	130
1282715	128
1282716	167
1284172	119
1284173	79
1284174	199
1293599	174
1293600	186
1293601	155
1293602	218
1294943	188
1294944	136
1294945	410
1294946	82
1294947	99
1294948	158
1294949	77
1294950	160
1294951	46
1294952	71
1294953	36
1294954	48
1294955	67
1294956	152
1294957	38
1294958	116
1294959	101
1294960	92
1294961	228
1294962	154
1294963	174
1294964	40
1294965	64
1294966	104
1294967	92
1294968	129
1294969	217
1294970	101
1294971	117
1294972	141
1294973	122
1294974	176
1294976	142
1294977	232
1294978	185
1294979	93
1294980	175
1297118	240
1297119	135
1297120	150
1297128	90
1297129	182
1297130	97
1297131	97
1297132	162
1311080	88
1313557	101
1313558	78
1314378	37
1316602	144
1317961	180
1317962	136
1319054	99
1322536	154
1322537	160
1326110	146
1327285	189
1329078	400
1332021	316
1333599	172
1335149	243
1336199	97
1337206	62
1337383	131
1338225	152
1338226	238
1338227	112
1338228	109
1338397	122
1346553	145
1347656	75
1348355	238
1350086	184
1351675	174
1351676	112
1353625	130
1353626	154
1354869	108
1357652	147
1359528	158
1360661	80
1361229	126
1362612	201
1364874	192
1369608	76
1372124	230
1372975	166
1376476	191
1386430	134
1386431	128
1386432	171
1386433	130
1386440	89
1386441	83
1386442	81
1386443	70
1386454	57
1386455	143
1386456	74
1386457	93
1386458	126
1387214	183
1387215	111
1387216	92
1387217	128
1387937	156
1387938	61
1387939	132
1387940	97
1387948	99
1387949	201
1387950	137
1387951	79
1387952	131
1387953	103
1400322	271
1409461	157
1409462	128
1409463	84
1409464	60
1409465	146
1409466	147
1409467	70
1409471	234
1409472	92
1409473	140
1409474	110
1409475	314
1409476	345
1409477	80
1409478	216
1409479	414
1409480	170
1409481	284
1409482	232
1430460	102
1430461	89
1430462	98
1430463	94
1430464	77
1430465	96
1430466	86
1438088	241
1438089	162
1438090	100
1438091	64
1438099	366
1438100	196
1438101	271
1438102	313
1438103	181
1438105	243
1452819	63
1452820	89
1452821	150
1452822	108
1452823	40
1452824	125
1452825	149
1452826	90
1452827	72
1454765	143
1454766	203
1454767	79
1454768	127
1454777	158
1454778	246
1454779	50
1465363	163
1465364	205
1465365	97
1465366	143
1465372	118
1465373	75
1465374	100
1465375	90
1465376	99
1470611	323
1470612	290
1470613	123
1470614	172
1470622	287
1470623	101
1470624	88
1470625	139
1470626	91
1480565	195
1480566	177
1480567	91
1480568	73
1480569	128
1480575	157
1480576	56
1480577	101
1488420	151
1488421	109
1488422	94
1492078	125
1492079	202
1492080	146
1492081	181
1494556	91
1494557	244
1494558	97
1494559	107
1531259	270
1531260	183
1531261	74
1531523	131
1531524	104
1531525	169
1532059	164
1532060	191
1532071	227
1532072	72
1532073	184
1532074	183
1532084	81
1532085	136
1532086	75
1532087	83
1532637	333
1532638	202
1532639	191
1532649	91
1533034	108
1533035	126
1533036	180
1533455	228
1533456	101
1533457	138
1533458	96
1533908	176
1533909	102
1533910	58
1533918	129
1533919	73
1533920	154
1534604	92
1534605	194
1534606	133
1534607	133
1534608	99
1534617	298
1534618	119
1534619	110
1534892	184
1534893	156
1534894	70
1535131	129
1535132	143
1535133	88
1535141	193
1535142	105
1535143	136
1535148	101
1535149	217
1535150	259
1535151	156
1535152	203
1554704	240
1564169	73
1564170	73
1564172	63
1564173	112
1564174	99
1564175	63
1564176	95
1564177	67
1564178	69
1573065	52
1573066	74
1573067	116
1573068	114
1573069	92
1573070	82
1646449	105
1649474	99
1650465	156
1658052	148
1658769	129
1658770	247
1662376	407
1662377	240
1662378	86
1664101	150
1672233	80
1672560	177
1673239	110
1673785	282
1673786	181
1675465	145
1675466	208
1676162	101
1676164	111
1682915	73
1682916	73
1685777	171
1690885	243
1693388	153
1694583	159
1694584	182
1698841	85
1705701	170
1706859	273
1706860	297
1708141	104
1710802	222
1716271	81
1717972	202
1719519	116
1721717	116
1721718	111
1722311	46
1730626	293
1730820	100
1730821	93
1730822	96
1730823	105
1730825	53
1730826	97
1730827	104
1730828	60
1804008	219
1822127	68
1825704	92
1825705	176
1825706	85
1825707	129
1825708	193
1825720	148
1825721	177
1825722	83
1825871	96
1825872	234
1825873	142
1826151	153
1826152	137
1826163	247
1826164	179
1826354	135
1826355	208
1826356	194
1826357	91
1826775	150
1826776	227
1827177	109
1827178	141
1827179	111
1827187	272
1827188	64
1827189	148
1827190	140
1827893	164
1827894	113
1827895	55
1827903	172
1827904	118
1827905	108
1827906	88
1828567	99
1828568	150
1828569	98
1828570	122
1828581	154
1828582	53
1828583	112
1828590	90
1828591	183
1828592	73
1828593	132
1829164	278
1829165	186
1829166	145
1829167	129
1829176	203
1829177	119
1829178	142
1829179	198
1829180	79
1829186	128
1829187	169
1829188	95
1829189	91
1829190	166
1829198	137
1829199	194
1829200	177
1829213	124
1829214	145
1829215	63
1829216	136
1829217	98
1829220	109
1829221	116
1829222	63
1829223	235
1829813	194
1829814	125
1829815	69
1829816	103
1829824	193
1829825	84
1829826	50
1829827	183
1830143	200
1830144	236
1830145	174
1830146	60
1830147	111
1830595	59
1830652	112
1830653	136
1830654	118
1830655	111
1831892	244
1831893	169
1831894	113
1831895	67
1831896	105
1832759	118
1832760	279
1832761	280
1832762	105
1832763	196
1832764	187
1833734	139
1833735	186
1833736	66
1833737	259
1833738	105
1835010	165
1835011	156
1835012	128
1835013	89
1835023	189
1835024	192
1835025	96
1835026	200
1835027	128
1835028	165
1835042	232
1835043	162
1835044	78
1835045	93
1835046	214
1835059	95
1835060	319
1835061	166
1835062	146
1835072	136
1835073	196
1835074	162
1835075	106
1835076	123
1835077	143
1836566	164
1836567	111
1836568	100
1836569	234
1836570	158
1836571	136
1836572	133
1836573	131
1836583	139
1836584	214
1836585	72
1836586	129
1836587	95
1836595	208
1836596	95
1836597	144
1836598	97
1836599	172
1836611	194
1836612	166
1836613	117
1836614	99
1836615	130
1836616	223
1836617	184
1836618	147
1836619	144
1836620	159
1836622	206
1836623	194
1836624	85
1836625	84
1837084	144
1837085	192
1837086	162
1837087	94
1837088	139
1837102	66
1837103	226
1837104	155
1837105	233
1837106	99
1837107	203
1837108	333
1837109	216
1837110	160
1837111	140
1837112	97
1837113	227
1837114	172
1837115	93
1837116	321
1837117	297
1837118	132
1837119	227
1837120	268
1837122	78
1837123	103
1837124	189
1837125	68
1837126	92
1837127	289
1837128	32
1837129	62
1837130	151
1837131	62
1837133	109
1837134	130
1837135	96
1837360	70
1837361	163
1837362	158
1837363	247
1837364	160
1837365	113
1837366	59
1838152	391
1838153	95
1838154	99
1838155	100
1838164	189
1838165	161
1838166	120
1848933	156
1850133	191
1856185	130
1891788	217
1899258	110
1899259	79
1899260	103
1899261	68
1899262	128
1899267	154
1900865	103
1900866	115
1900867	49
1900868	79
1900869	139
1906478	127
1906479	125
1906480	67
1906481	95
1906482	97
1906483	218
1907293	38
1907294	162
1907295	72
1907296	117
1907297	50
1907298	59
1907299	97
1909718	81
1909719	152
1909720	70
1909721	102
1909722	72
1955589	93
1955590	113
1955591	98
1955592	65
1955593	52
1955594	46
1962855	168
1968634	148
1970118	129
1971106	155
1979167	159
1980013	137
1980014	116
2066664	267
2106535	131
2106536	142
2106537	132
2106538	61
2106539	93
2106540	114
2106543	95
2107221	137
2107222	121
2107223	151
2107224	41
2107225	212
2107226	61
2107227	55
2112170	127
2112171	114
2112172	69
2112173	95
2112174	91
2112175	69
2116459	64
2116460	88
2116461	180
2116462	147
2116463	92
2116464	230
2116465	151
2120293	84
2120294	47
2120295	95
2120296	63
2120297	130
2120298	90
2120299	108
2122985	67
2122986	33
2122987	118
2122988	80
2122989	55
2122990	162
2122991	144
2136264	154
2137218	254
2137219	263
2137220	220
2137221	113
2137231	140
2137232	203
2137233	179
2137234	62
2137235	137
2137586	247
2137587	231
2137588	108
2137589	76
2137590	136
2137599	203
2137600	222
2137601	194
2137602	124
2137914	204
2137915	273
2137916	70
2138295	183
2138296	124
2138297	267
2138317	82
2138318	122
2138319	82
2138738	298
2138739	145
2138748	103
2138749	76
2138750	180
2138751	297
2138760	194
2138761	177
2138762	302
2138763	131
2138764	222
2138765	129
2139215	140
2139216	95
2139217	103
2139218	120
2139936	204
2139937	224
2139938	144
2139939	198
2139940	162
2139941	159
2139942	204
2139943	235
2139944	239
2139945	254
2139948	194
2139949	193
2139950	72
2139960	129
2139961	235
2139962	122
2139963	155
2140158	242
2140159	173
2140160	115
2140170	172
2140171	197
2140172	124
2140179	177
2140180	203
2140181	264
2140182	148
2141119	158
2141120	87
2141121	103
2141122	221
2141123	91
2141130	183
2141131	65
2141132	215
2141133	136
2141134	87
2141140	125
2141141	101
2141152	123
2141153	58
2141154	91
2141157	244
2141158	143
2141159	123
2141160	141
2141408	333
2141409	95
2141410	168
2141411	190
2141412	59
2141413	212
2141414	67
2141604	246
2141930	76
2141931	113
2141932	84
2141933	193
2141934	74
2142282	301
2142283	99
2142284	152
2142285	123
2142355	155
2142770	56
2142771	82
2142772	110
2142773	111
2142774	118
2142775	74
2143824	152
2143825	207
2143826	110
2143929	88
2145560	206
2145561	65
2145562	125
2146607	208
2146608	139
2146609	219
2146610	103
2146621	113
2146622	72
2146623	193
2146624	185
2146634	161
2146635	176
2146636	102
2146637	103
2146638	218
2146650	200
2146651	79
2146652	69
2146653	183
2146664	83
2146665	283
2146666	112
2146667	133
2147240	90
2147241	179
2147253	92
2147254	110
2147255	135
2147256	157
2147257	57
2147267	47
2147268	140
2147269	91
2147270	287
2147271	50
2147485	87
2147486	96
2147487	92
2147488	60
2147498	218
2147499	130
2147500	241
2147501	145
2147502	99
2147752	187
2147753	148
2147754	116
2147755	128
2148002	201
2148003	161
2148004	204
2148005	115
2148375	192
2148376	168
2148377	106
2148378	258
2148379	151
2148380	68
2148382	183
2148383	151
2148613	207
2148614	76
2148615	77
2148616	46
2149598	196
2149599	70
2149600	128
2156253	110
2156254	173
2156255	108
2158088	138
2159643	109
2167475	208
2170967	150
2174157	387
2176290	169
2248947	241
2266956	255
2272954	219
2334399	160
2335507	199
2340349	143
2342829	248
2410902	155
2410903	146
2421281	130
2423998	99
2423999	163
2426692	133
2428029	99
2431516	200
2437556	174
2438683	158
2453050	205
2455887	101
2456566	117
2456568	198
2460850	232
2460851	107
2462734	99
2463618	284
2466287	211
2467280	96
2468155	187
2471184	159
2472630	157
2472631	62
2472633	108
2477838	205
2480592	273
2481306	151
2492314	58
2492315	132
2492316	164
2492317	105
2492321	115
2495304	66
2495305	65
2495306	96
2495307	106
2495308	80
2495309	55
2495310	69
2495312	87
2498402	99
2498403	136
2498404	75
2498405	103
2498406	29
2498407	60
2498408	51
2498409	83
2504785	170
2504786	87
2504787	172
2504788	118
2504789	121
2504790	40
2504792	226
2507598	94
2507599	130
2507600	69
2507601	219
2507602	93
2507603	96
2513342	104
2513343	145
2513344	112
2513345	81
2513347	43
2513348	82
2521157	148
2521708	175
2521709	200
2521710	83
2521711	157
2521712	206
2521721	273
2521722	194
2521723	209
2521724	133
2521725	220
2521934	189
2521935	210
2521936	69
2521937	88
2522198	86
2522199	144
2522200	234
2522201	72
2522207	251
2522208	216
2522209	126
2522218	222
2522219	217
2522220	111
2522221	173
2522222	317
2522223	145
2522224	171
2522225	242
2522226	213
2522625	190
2522626	161
2522627	396
2522628	61
2522629	135
2522642	92
2522643	157
2522644	178
2522645	78
2522646	201
2522647	88
2523042	152
2523043	196
2523044	242
2523045	76
2523055	128
2523056	87
2523057	83
2524037	175
2524038	126
2524039	238
2524040	210
2524049	186
2524050	252
2524051	209
2524052	84
2524053	189
2524054	83
2524729	151
2524730	225
2524731	98
2524732	193
2524748	138
2524749	126
2524750	151
2524761	137
2524762	225
2524763	161
2524764	150
2524765	77
2524766	145
2524767	186
2524768	100
2524779	299
2524780	251
2524781	210
2524782	115
2524793	132
2524794	142
2524795	179
2524796	92
2524809	140
2524810	88
2524811	154
2524812	92
2525706	254
2525707	59
2525708	87
2525720	161
2525721	214
2525722	92
2525723	156
2525724	81
2525737	95
2525738	144
2525739	78
2525740	87
2525747	80
2525748	66
2525758	175
2525759	169
2525760	94
2525761	100
2525773	91
2525774	122
2528131	86
2528132	114
2528133	199
2528134	133
2529492	97
2529493	148
2529494	130
2529505	180
2529506	162
2529520	44
2529521	69
2529522	165
2529523	155
2529524	99
2530512	167
2530513	109
2530514	51
2530527	211
2530528	269
2530529	96
2530530	96
2530531	169
2530532	343
2530534	153
2530535	224
2530536	195
2530537	99
2530538	111
2530539	144
2530540	150
2530541	113
2530542	259
2530543	108
2530544	151
2530545	134
2530546	353
2530547	156
2530548	238
2530551	181
2530552	52
2530553	64
2530565	152
2530566	129
2530567	115
2530568	205
2531387	172
2531388	188
2531389	232
2531390	125
2531400	87
2531401	292
2531402	212
2531409	109
2531410	243
2531411	172
2531412	137
2531867	127
2531868	82
2531869	49
2531881	176
2531882	228
2531883	101
2531884	82
2532332	72
2532333	283
2532334	75
2532335	148
2532344	185
2532345	98
2532346	108
2532476	248
2534170	111
2534172	159
2534173	88
2534856	94
2534857	169
2534858	194
2534859	169
2537971	156
2537972	213
2537973	142
2544871	140
2552430	101
2552431	124
2552432	151
2554272	146
2554274	70
2555813	156
2560834	140
2563911	220
2564200	92
2566161	131
2570282	134
2571989	220
2573053	114
2573900	185
2577026	72
2580297	110
2582405	108
2613623	40
2722795	201
2732235	188
2742883	197
2819843	76
2821531	96
2827147	119
2829156	220
2830611	95
2835758	33
2836849	91
2838833	202
2838835	127
2838836	59
2839818	221
2840652	115
2841660	168
2841661	132
2847138	174
2847139	171
2847141	84
2849099	140
2849770	108
2850552	198
2855542	71
2855543	195
2857486	128
2859587	138
2860649	76
2864683	163
2868453	117
2868454	110
2868455	172
2872669	145
2874551	192
2878426	52
2878427	84
2884656	108
2884657	73
2885823	164
2885824	208
2885825	201
2885826	181
2885827	247
2885829	117
2888106	143
2889204	119
2893369	146
2895460	147
2895461	171
2895462	103
2895464	71
2895465	198
2896349	76
2899887	85
2902614	281
2902615	208
2905455	54
2905456	157
2931679	90
2931680	111
2931681	66
2931682	88
2931683	84
2931697	121
2931698	87
2931699	120
2931700	91
2932689	88
2932690	69
2932691	88
2932692	143
2932693	44
2932704	190
2932705	222
2932706	100
2932707	62
2932708	222
2932709	87
2932721	214
2932722	94
2932723	119
2932724	96
2932725	86
2933647	167
2933648	118
2933649	198
2933650	32
2933657	97
2933658	75
2933659	240
2933660	108
2933666	186
2933667	154
2933668	135
2933669	114
2933670	55
2933677	139
2933678	170
2933679	176
2933680	48
2933692	158
2933693	185
2933694	48
2933695	84
2933696	104
2933706	89
2933707	115
2933708	68
2933709	120
2933710	85
2933722	229
2933723	96
2933724	169
2933725	122
2934694	158
2934695	160
2934696	95
2934697	64
2934706	124
2934707	171
2934708	212
2934709	105
2934710	130
2934720	146
2934721	120
2934722	73
2935600	198
2935798	62
2935799	173
2935800	112
2935811	171
2935812	106
2935813	59
2935814	88
2935815	49
2935830	83
2935831	177
2935832	118
2935833	166
2935834	58
2935841	152
2935842	235
2935843	92
2935844	150
2935857	156
2935858	90
2935859	67
2935860	188
2935861	87
2937038	169
2937039	150
2937040	155
2937041	85
2937042	47
2938089	192
2938090	146
2938091	179
2938092	82
2938104	144
2938105	147
2938106	95
2938107	61
2938116	137
2938117	84
2938118	125
2938119	63
2938130	77
2938131	133
2938132	133
2938133	289
2938134	90
2938141	227
2938142	137
2938143	83
2938144	71
2938155	208
2938156	121
2938157	130
2938158	132
2938159	94
2938168	110
2938169	149
2938170	116
2938171	108
2939405	247
2939406	174
2939407	197
2939408	207
2939416	154
2939417	201
2939418	145
2939419	87
2939420	57
2939433	202
2939434	191
2939435	63
2939436	73
2939437	78
2940528	202
2940537	239
2940538	87
2940539	48
2940540	83
2940557	60
2940558	136
2940559	104
2940570	80
2940571	130
2940572	152
2940573	153
2941732	129
2941733	195
2941734	42
2941735	91
2941745	81
2941746	170
2941747	163
2941748	85
2941749	51
2942850	136
2942851	208
2942852	206
2942853	48
2942854	99
2942855	52
2942867	155
2942868	181
2942869	62
2942870	95
2942871	124
2942886	226
2942887	103
2942888	147
2942889	122
2942890	141
2942891	75
2942907	83
2942908	108
2942909	170
2942910	179
2942911	136
2942912	25
2942925	70
2942926	61
2942927	114
2944091	175
2944092	114
2944093	115
2945179	124
2945180	220
2945181	110
2945182	93
2945183	102
2947058	77
2947059	183
2947060	69
2947061	59
2947062	110
2947063	103
2947080	82
2947081	91
2947082	192
2947083	79
2947084	71
2947085	162
2947086	64
2947087	118
2947088	110
2947089	155
2947090	126
2947091	116
2947092	69
2947093	173
2947094	119
2947095	105
2947096	111
2947097	30
2947098	93
2947099	73
2947100	84
2947101	71
2947102	80
2947103	70
2947104	85
2947105	129
2947106	94
2947107	95
2947108	114
2947109	114
2947111	176
2947112	137
2947113	92
2947114	54
2947115	84
2947128	137
2947129	55
2947130	169
2947131	125
2947132	150
2947133	78
2947145	276
2947146	281
2947147	184
2947148	245
2947149	282
2947150	252
2947151	152
2947152	192
2947156	94
2947157	123
2947158	156
2947159	96
2947160	128
2947178	117
2947179	135
2947180	156
2947181	47
2947182	153
2947199	189
2947200	218
2947201	121
2947202	165
2947217	96
2947218	90
2947219	210
2947220	62
2947221	172
2947222	20
2948169	124
2948170	82
2948171	67
2948172	189
2948173	40
2949207	103
2949208	93
2949209	173
2949210	144
2949211	205
2949212	65
2949226	88
2949227	110
2949228	112
2949229	116
2949230	82
2949239	164
2949240	82
2949241	94
2949242	159
2949243	49
2949252	112
2949253	76
2949254	161
2949255	63
2949267	305
2949268	241
2949269	216
2949270	243
2949271	132
2949272	161
2949273	124
2949274	306
2949275	114
2949276	240
2949277	228
2949278	72
2949279	105
2949280	143
2949281	247
2949282	221
2949283	229
2949284	96
2949285	70
2949286	215
2949287	109
2949288	158
2949289	134
2949290	34
2949291	170
2949292	167
2949293	37
2949294	117
2949295	137
2949308	60
2949309	89
2949310	103
2949311	79
2949312	122
2950390	192
2950391	183
2950392	131
2950393	66
2950394	126
2950408	122
2950409	110
2950410	63
2950411	48
2950412	103
2950413	60
2950427	115
2950428	111
2950429	78
2950430	209
2950431	57
2950444	121
2950445	140
2950446	154
2950447	99
2950448	134
2950449	30
2950464	152
2950465	102
2950466	76
2950467	134
2950482	177
2950483	138
2950484	96
2950485	146
2950486	107
2950497	171
2950498	116
2950499	97
2951670	174
2951671	341
2951672	30
2951673	195
2951674	83
2951688	141
2951689	202
2951690	160
2951691	94
2951692	85
2951708	160
2951709	214
2951710	124
2951711	115
2951712	150
2951713	134
2952951	72
2952952	140
2952953	181
2952954	107
2952955	118
2952972	153
2952973	45
2952974	147
2952975	87
2952976	135
2952991	339
2952992	126
2952993	244
2952994	76
2952995	130
2953009	100
2953010	175
2953011	144
2954044	189
2954045	91
2954046	105
2954047	51
2954048	40
2954062	124
2954063	179
2954064	139
2954075	70
2954076	132
2954077	233
2954078	67
2954079	119
2954090	105
2954091	128
2954092	100
2954093	161
2954094	110
2954095	91
2954117	182
2954118	117
2954119	171
2954120	96
2954121	147
2954143	105
2954144	70
2954145	150
2954146	79
2955318	156
2955319	265
2955320	106
2955321	56
2955323	166
2955324	135
2955325	197
2955326	92
2955327	58
2955338	80
2955339	147
2955340	160
2955341	99
2955342	96
2955353	276
2955354	68
2955355	196
2955356	125
2955359	152
2955360	103
2955361	108
2955362	62
2955363	99
2955371	121
2955372	120
2955373	65
2955374	142
2955375	90
2955385	115
2955386	126
2955387	139
2955388	140
2955389	83
2956279	227
2956588	64
2956589	121
2956590	86
2956591	115
2956592	125
2956593	56
2957657	96
2957658	136
2957659	97
2957660	90
2957661	67
2957673	127
2957674	107
2957675	275
2957676	59
2958794	183
2958795	129
2958796	152
2958797	67
2958798	118
2958799	188
2958800	53
2958815	105
2958816	124
2958817	183
2958818	145
2958819	103
2958820	143
2958831	157
2958832	79
2958833	73
2958834	110
2958835	103
2959922	179
2959923	120
2959924	172
2959925	182
2959926	124
2959927	183
2959928	119
2959941	92
2959942	81
2959943	192
2959944	115
2959945	61
2962084	214
2962085	101
2962086	209
2962087	218
2962088	80
2962089	115
2962090	138
2962103	80
2962104	116
2962105	86
2962106	83
2962107	161
2962118	127
2962119	150
2962120	119
2962121	175
2962122	115
2962123	70
2962124	140
2962136	74
2962137	101
2962138	101
2962139	57
2962140	113
2962141	81
2962142	146
2962143	112
2962158	128
2962159	93
2962160	112
2962173	229
2962174	187
2962175	140
2963268	123
2963269	138
2963270	135
2963271	96
2963272	133
2963282	99
2963283	117
2963284	131
2963285	114
2963286	46
2963300	94
2963301	225
2963302	131
2963303	211
2963304	150
2963305	147
2963306	202
2963307	109
2963315	135
2963316	277
2963317	135
2963318	61
2964006	155
2964007	94
2964008	97
2964009	103
2964018	199
2964020	174
2964021	100
2964022	46
2964023	192
2964024	67
2964593	179
2964594	157
2964595	130
2964596	78
2964606	230
2964609	209
2964610	95
2964611	138
2964612	87
2965348	147
2965349	133
2965359	129
2965360	132
2965361	42
2965373	112
2965374	172
2965375	254
2965376	91
2965377	65
2966349	94
2966350	151
2966351	174
2966352	200
2966353	203
2966366	147
2966367	84
2966368	133
2966369	159
2966370	63
2966371	83
2966380	57
2966381	178
2966382	215
2966383	121
2966384	135
2966934	236
2966935	178
2966936	171
2966937	225
2966950	155
2966951	167
2966952	188
2966953	112
2966954	32
2967476	229
2967477	129
2967478	75
2967479	138
2967480	156
2967953	272
2967954	250
2967955	74
2967956	99
2967957	99
2968548	112
2968549	142
2968550	105
2968551	84
2968552	168
2968553	126
2968565	96
2968566	200
2968567	47
2968579	155
2968580	109
2968581	157
2968582	94
2968594	91
2968595	179
2968596	169
2968597	172
2969095	105
2969096	310
2969097	132
2969098	179
2969099	194
2969100	145
2969103	181
2969104	155
2969105	115
2969512	90
2969513	142
2969514	175
2969515	168
2969516	226
2969517	67
2969532	164
2969533	228
2969534	276
2969535	215
2969536	139
2969537	164
2969548	262
2969549	261
2969550	133
2969551	112
2969552	86
2969553	91
2969554	72
2969563	98
2969564	141
2969565	228
2969566	136
2969567	161
2969578	296
2969579	222
2969580	138
2969581	183
2969582	105
2970079	84
2970080	223
2970081	161
2971164	139
2971165	73
2971166	221
2971167	113
2971168	128
2971178	113
2971179	68
2971180	143
2971181	167
2971182	103
2971183	189
2971184	219
2971185	126
2971186	165
2971187	133
2971190	160
2971191	77
2971192	283
2971193	102
2971194	68
2971941	140
2971956	138
2971957	73
2971958	212
2971959	134
2971960	54
2973012	219
2973013	277
2973014	101
2973015	141
2973016	53
2973029	197
2973030	141
2973031	90
2973032	126
2973033	74
2973042	165
2973043	198
2973044	183
2973045	57
2973046	46
2973577	101
2973578	216
2973579	123
2973580	269
2973581	112
2973582	66
2973583	98
2973584	71
2973585	115
2973586	223
2973587	92
2973588	109
2973589	157
2973590	98
2973591	120
2973592	142
2973593	78
2973594	133
2973595	143
2973596	149
2973597	115
2973598	83
2973599	128
2973600	344
2973601	112
2973602	84
2973603	160
2973604	142
2974139	162
2974140	79
2974141	160
2974142	134
2974544	132
2974545	146
2974546	104
2974547	59
2974548	211
2974549	154
2974563	134
2974564	220
2974565	151
2974566	123
2974567	62
2974576	188
2974577	260
2974578	154
2974579	146
2974580	93
2974586	379
2974587	140
2974588	261
2974589	61
2974590	70
2974591	126
2974959	129
2974960	62
2974968	127
2974969	90
2974970	262
2974971	144
2974978	258
2974979	204
2974980	100
2974981	176
2974982	148
2978305	143
2978306	245
2978307	111
2978308	144
2978321	145
2978322	140
2978323	130
2978324	112
2978325	75
2983304	51
2986091	85
2987901	213
2987902	130
2995962	58
2999753	79
2999755	232
2999756	40
3001686	149
3001690	218
3001691	74
3003727	192
3003728	158
3003729	309
3003730	165
3003731	311
3003732	204
3008141	77
3008142	74
3008145	59
3008147	66
3012505	198
3012507	83
3012508	124
3014491	121
3018720	118
3024142	82
3024143	93
3024144	56
3024145	149
3024147	171
3024148	199
3027530	191
3027688	347
3027690	173
3029743	97
3029746	116
3033628	143
3035534	176
3037514	187
3037515	153
3087440	69
3155840	261
3155841	165
3155842	107
3155843	110
3155844	72
3156329	154
3156330	235
3156331	118
3156332	110
3156333	70
3156334	115
3156336	175
3156337	168
3156338	143
3156339	154
3156340	116
3156356	192
3156357	92
3156358	115
3156359	145
3156360	178
3156361	61
3156956	172
3157107	133
3157108	122
3157109	71
3157110	169
3157127	118
3157128	133
3157129	60
3157130	181
3157131	181
3157132	93
3157145	201
3157146	87
3157147	95
3157148	101
3157149	174
3157150	109
3157163	88
3157164	121
3157165	102
3157166	84
3157167	157
3157168	116
3157936	272
3157937	79
3157938	89
3157939	95
3157949	142
3157950	128
3157951	108
3157952	66
3157961	140
3157962	134
3157963	80
3157964	135
3157965	80
3157974	106
3157975	151
3157976	70
3157977	118
3158891	204
3158892	172
3158893	103
3158894	158
3158902	174
3158903	141
3158904	125
3158905	117
3158906	128
3158907	70
3158921	92
3158922	73
3158923	162
3158924	180
3158931	121
3158932	110
3158933	51
3158934	146
3158944	96
3158945	136
3158946	81
3158947	74
3158948	112
3158949	100
3158961	200
3158962	106
3158963	65
3158964	126
3158965	101
3158966	147
3158978	135
3158979	62
3158980	183
3158981	107
3158982	108
3158990	111
3158991	127
3158992	67
3160017	206
3160018	142
3160019	108
3160020	110
3160021	66
3160032	131
3160033	134
3160034	162
3160035	150
3160036	61
3161019	159
3161020	119
3161021	144
3161022	153
3161023	88
3161030	167
3161031	74
3161032	78
3161045	118
3161046	150
3161047	201
3161048	130
3161049	167
3161059	183
3161060	76
3161061	126
3161062	192
3161063	76
4003544	222
6085851	96
6091093	85
6093091	103
6095244	160
6095246	106
6095250	110
6097892	109
6131414	48
6132375	107
6132376	93
6133275	137
6134279	159
6136963	182
6138768	73
6139809	187
6140675	101
6140676	71
6143312	170
6149530	173
6149531	197
6149532	243
6149533	149
6149534	221
6149535	198
6149536	193
6149537	157
6149538	216
6149539	158
6150479	152
6150480	167
6151176	166
6151375	255
6188143	153
6188144	57
6188148	86
6189116	124
6194525	73
6195654	134
6197707	248
6197709	147
6197712	97
6199784	110
6207524	148
6219357	56
6219358	184
6219359	104
6219360	187
6219361	79
6219369	122
6219370	157
6219371	126
6219372	167
6219373	77
6220268	68
6220269	155
6220270	232
6220271	91
6220272	88
6220273	64
6220282	177
6220283	102
6220284	94
6220285	141
6220286	75
6220296	68
6220298	200
6220299	53
6220310	126
6220311	113
6220312	116
6220313	84
6220314	54
6220327	105
6220328	154
6220329	322
6220330	158
6220331	158
6220332	81
6220333	60
6220334	63
6220335	86
6220336	84
6220338	150
6220339	138
6220340	164
6220341	97
6220342	201
6220351	123
6220352	124
6220353	249
6220354	164
6220355	89
6220356	99
6220370	137
6220371	75
6220372	119
6220373	90
6220374	129
6220375	72
6220384	100
6220385	112
6220386	187
6220387	83
6220388	62
6221246	212
6221247	200
6221248	58
6221249	110
6221250	162
6221260	91
6221261	87
6221262	145
6221263	79
6221269	117
6221271	147
6221272	83
6221273	64
6221281	78
6221282	137
6221283	66
6221284	161
6221285	88
6221286	66
6221296	138
6221297	110
6221298	82
6221299	75
6221300	84
6221301	86
6221318	156
6221319	150
6221320	126
6221321	109
6221322	61
6221323	118
6221324	100
6221326	162
6221327	183
6221328	185
6221329	48
6221330	244
6222297	72
6222298	262
6222299	87
6222300	220
6222301	73
6222302	55
6222315	119
6222316	145
6222317	83
6222318	50
6222319	52
6222330	104
6222331	207
6222332	66
6222341	135
6222342	133
6222343	142
6222344	93
6222345	119
6222356	157
6222357	86
6222358	83
6222359	71
6222360	135
6222361	31
6223300	109
6223301	131
6223302	119
6223303	60
6223304	108
6224146	107
6224147	140
6224148	197
6224149	61
6224150	112
6224151	79
6224162	197
6224163	110
6224164	96
6224165	103
6224166	97
6224179	82
6224180	65
6224181	152
6224182	67
6224194	235
6224195	110
6224196	96
6224197	46
6225082	144
6225083	92
6225084	128
6225085	83
6225099	127
6225100	119
6225101	129
6225102	55
6225103	117
6226001	124
6226002	300
6226003	55
6226004	165
6226005	42
6226016	109
6226017	114
6226018	115
6226019	109
6226020	108
6226021	137
6226033	203
6226034	80
6226035	108
6226036	105
6226946	214
6226947	243
6226948	72
6226949	196
6226959	82
6226960	214
6226961	85
6226962	187
6226963	94
6226964	148
6226965	40
6226978	225
6226979	147
6226980	164
6226981	63
6226982	137
6226983	85
6226989	165
6226990	143
6226991	136
6226992	131
6227886	197
6227887	155
6227888	91
6227889	72
6227890	175
6227891	106
6227892	55
6227904	97
6227905	106
6227906	217
6227907	115
6228789	43
6228791	123
6228792	208
6228793	265
6228794	77
6228795	267
6228797	81
6228798	122
6228800	157
6228804	79
6228814	138
6228815	142
6228816	77
6228817	67
6228818	96
6228819	92
6228820	35
6228833	112
6228834	163
6228835	81
6228836	55
6228837	88
6228838	77
6228849	156
6228850	83
6228851	84
6228861	65
6228862	129
6228863	146
6228864	119
6228865	93
6228873	178
6228874	194
6228875	47
6228876	57
6228877	57
6228887	140
6228888	146
6228889	120
6228890	59
6228891	179
6228908	106
6228909	285
6228910	123
6228911	241
6228913	243
6228914	75
6228915	155
6228916	132
6228917	155
6228918	185
6228921	230
6228922	102
6228924	237
6228925	132
6228926	265
6228927	168
6228929	123
6228930	45
6228931	141
6228933	221
6228934	155
6228935	147
6228936	128
6228937	195
6228938	245
6229734	109
6229735	156
6229736	63
6229740	171
6229741	165
6229742	96
6229743	134
6229744	88
6229757	168
6229758	88
6229759	129
6229760	121
6229761	114
6229762	77
6229774	184
6229775	100
6229776	113
6229777	88
6229778	190
6229779	62
6230609	101
6230610	115
6230611	74
6230612	213
6230613	109
6230614	68
6230629	143
6230630	117
6230631	118
6230632	71
6230646	75
6230647	167
6230648	178
6230649	67
6230650	191
6230651	95
6231540	105
6231541	79
6231542	63
6231543	111
6231544	136
6231545	78
6231558	75
6231559	175
6231560	166
6231561	76
6231562	152
6231563	73
6231575	156
6231576	122
6231577	215
6231578	46
6231579	102
6231580	135
6231591	169
6231592	204
6231593	156
6231594	82
6231595	140
6231596	329
6231597	233
6231598	272
6231599	120
6231600	194
6231601	253
6231602	314
6231603	108
6231604	263
6231605	118
6231606	197
6231607	179
6231609	81
6231610	127
6231611	242
6231612	45
6231613	211
6231614	70
6231627	58
6231628	166
6231629	111
6231630	38
6232524	100
6232525	96
6232526	112
6232527	137
6232528	184
6232529	136
6232531	135
6232532	161
6232533	77
6232534	70
6232535	46
6232547	85
6232548	151
6232549	122
6232550	48
6232566	167
6232567	96
6232568	249
6232569	56
6232581	97
6232582	87
6232583	227
6232584	116
6232585	162
6233552	135
6233553	85
6233554	132
6233555	98
6233572	232
6233573	129
6233574	113
6233575	130
6233576	58
6233588	127
6233589	137
6233590	111
6233591	165
6233592	128
6233593	100
6234519	156
6234520	146
6234521	78
6234522	155
6234523	34
6234538	68
6234539	105
6234540	141
6234541	82
6234556	145
6234557	110
6234558	82
6234559	159
6234560	106
6234573	104
6234574	183
6234575	80
6234576	182
6234577	96
6234578	69
6235488	86
6235489	146
6235490	151
6235491	87
6235492	40
6235504	74
6235505	159
6235506	93
6235507	89
6235508	258
6236440	59
6236441	63
6236442	176
6236443	133
6236444	147
6237326	142
6237327	162
6237328	151
6237329	166
6237342	184
6237343	149
6237344	89
6237345	78
6238293	285
6238295	155
6238296	214
6238297	65
6238298	106
6238299	74
6238313	143
6238314	136
6238315	178
6238316	159
6238317	81
6238318	84
6239155	97
6239156	166
6239157	89
6239158	113
6239159	115
6239169	190
6239170	168
6239171	116
6239172	90
6239185	247
6239186	138
6239187	134
6239188	72
6239202	284
6239203	181
6239204	100
6239205	74
6239220	156
6239221	214
6239222	156
6239223	65
6239238	174
6239239	140
6239240	81
6239241	74
6239242	117
6239252	124
6239253	134
6239254	154
6239255	76
6239256	106
6239257	109
6239270	113
6239271	151
6239272	97
6239273	271
6239274	127
6240031	155
6240032	138
6240033	242
6240034	108
6240035	128
6240036	88
6240045	105
6240046	141
6240047	135
6240048	219
6240049	72
6240644	106
6240645	166
6240646	81
6242501	128
6242502	83
6242503	114
6242504	90
6300824	84
6300826	113
6304676	105
6304678	144
6314325	95
6318213	74
6320155	134
6320156	128
6320157	159
6322155	135
6324160	217
6324161	187
6326082	82
6326083	111
6326084	66
6328474	114
6330720	75
6987872	172
7191624	54
7236236	233
7290757	112
7474670	240
7482004	169
7482006	148
7494068	72
7494069	117
7494070	88
7494071	81
7494072	113
7494073	118
7494074	69
7494075	99
7494842	122
7494846	122
7494847	179
7494848	238
7501603	182
7501607	74
7501608	267
7501609	83
7501610	159
7501618	260
7501622	215
7501623	143
7501624	228
7501625	260
7505437	138
7508626	113
7511147	93
7511148	42
7526372	318
7526373	169
7529269	101
7530358	204
7534318	97
7534930	152
7534931	136
7538153	59
7543203	99
7545191	91
7547918	245
7567804	287
7567809	248
7567810	147
7567821	126
7567822	222
7567829	202
7567834	162
7567835	159
7567836	217
7567849	156
7567850	220
7567851	157
7601959	56
7601960	102
7601961	99
7601962	61
7601963	58
7601964	53
7601965	73
7601966	86
7630870	151
7630871	176
7630872	226
7638113	250
7638114	175
7638116	141
7638117	77
7638118	152
7638119	207
7638120	154
7638126	167
7638129	88
7638130	212
7638131	69
7638132	197
7638133	196
7638134	86
7638141	281
7638144	236
7638145	71
7638146	156
7638147	116
7638148	219
7646589	143
7665739	56
7665740	131
7665741	118
7665742	85
7665743	121
7665744	39
7665745	43
7667219	283
7667222	192
7667223	102
7667224	140
7667225	168
7667226	188
7667231	207
7667232	132
7667233	187
7684137	278
7685522	203
7685523	86
7685525	178
7691908	104
7691909	75
7692432	129
7745139	48
7745140	95
7745141	155
7745142	119
7745143	75
7745144	77
7745145	124
7746803	246
7746805	134
7746806	64
7746807	102
7746808	113
7746809	239
7746814	237
7746817	103
7746818	191
7746819	136
7746820	85
7759619	42
7759620	82
7759621	103
7759622	116
7759623	62
7759624	110
7759625	137
7759626	78
7759627	105
7761362	184
7761363	67
7761364	76
7761365	253
7761366	121
7770388	219
7770389	112
7770393	163
7770394	299
7770395	207
7770404	66
7770405	70
7770406	133
7770407	156
7770416	175
7770417	154
7770418	62
7784404	117
7784406	156
7784407	269
7784412	100
7784417	144
7784418	203
7784419	121
7797673	44
7797677	64
7797679	99
7797684	154
7797685	117
7797686	114
7797687	46
7797688	89
7797690	163
7814696	90
7814697	124
7814698	78
7814699	147
7814700	97
7814701	103
7814702	161
7824453	268
7824456	256
7824457	207
7824458	252
7824464	306
7824467	234
7824468	80
7824469	174
7824470	127
7824477	253
7824479	307
7824480	190
7824488	140
7824492	166
7824493	236
7824494	105
7831211	234
7831213	229
7831215	220
7831216	240
7831227	194
7831230	149
7831231	262
7831232	195
7831238	215
7831243	162
7831244	147
7831249	123
7831254	79
7831255	179
7831256	163
7831257	165
7831261	239
7831264	90
7831265	106
7831266	262
7831267	113
7831268	105
7868741	150
7868742	75
7868743	118
7868744	90
7868745	107
7868746	62
7868747	175
7890873	118
7890874	137
7890875	143
7890876	81
7890878	85
7899289	195
7899290	281
7899292	159
7899293	328
7899294	148
7899298	138
7899299	121
7899303	99
7899304	132
7899305	208
7899306	156
7899307	278
7899314	190
7899317	241
7899318	184
7899319	181
7899320	110
7899330	91
7899332	124
7899333	182
7899334	146
7899341	172
7899342	157
7899343	269
7899344	102
7899345	240
7899346	244
7899347	193
7899348	240
7899349	84
7899350	383
7899351	272
7899352	243
7899353	260
7899354	233
7899356	124
7899357	262
7899358	117
7899359	318
7899364	212
7899368	126
7899370	217
7899371	171
7899378	121
7899382	86
7899383	122
7899384	295
7899389	171
7899392	108
7899393	122
7899394	204
7899395	87
7899402	244
7899406	184
7899407	65
7899408	216
7899409	107
7899420	73
7899421	194
7899422	254
7907419	256
7907420	91
7908132	305
7911570	238
7937602	343
7937606	266
7937607	276
7937618	170
7937619	220
7937620	318
7937627	344
7937628	114
7937631	264
7937632	248
7937633	104
7937642	225
7937644	257
7937645	87
7937646	193
7937647	238
7937648	143
7957500	146
7971803	236
7971805	193
7971806	370
7971807	130
7971808	178
7971819	240
7971820	256
7971830	250
7971833	205
7971834	315
7971835	131
7971843	159
7971846	251
7971847	163
7971856	266
7971857	219
7971860	269
7971861	311
7984524	338
7984527	95
7984528	110
7984529	172
7984538	195
7984542	205
7984543	222
8022721	302
8022723	209
8022724	327
8022725	288
8022726	317
8022737	310
8022740	208
8022741	172
8022742	272
8029188	186
8029193	291
8029194	198
8046049	108
8046050	79
8046051	95
8046052	110
8046053	140
8046054	91
8046055	90
8046056	98
8046057	83
8046058	89
8066056	358
8066059	188
8066060	145
8066061	255
8072960	355
8072964	256
8072965	298
8072973	360
8072976	261
8072977	241
8078821	335
8078822	168
8078826	159
8078834	285
8078837	262
8078838	105
8078839	247
8096277	122
8099222	225
8099735	272
8099737	71
8099738	125
8100359	78
8105460	75
8105461	75
8115316	254
8115317	113
8115318	82
8115319	153
8115329	159
8115330	176
8115331	271
8115332	256
8115333	109
8121903	163
8121904	187
8121905	115
8121906	119
8121914	198
8121915	58
8121916	110
8121917	167
8127801	160
8127802	113
8127803	145
8127804	271
8127813	85
8127814	213
8127815	320
8138596	70
8138597	86
8138598	166
8138599	88
8138600	69
8138601	113
8138604	53
8140076	109
8140077	107
8140078	252
8144637	235
8177845	159
8177846	180
8177856	349
8177859	233
8177860	356
8177861	277
8177867	282
8177868	163
8177869	141
8177870	246
8177871	158
8177872	251
8177873	159
8177874	234
8177875	140
8177876	186
8180400	257
8208675	336
8208679	230
8208681	284
8208689	267
8208692	317
8208693	155
8208694	325
8208695	356
8208702	300
8208705	227
8208706	201
8227596	94
8227597	92
8227598	45
8227599	120
8227600	123
8227601	69
8227602	46
8227603	75
8232268	241
8238420	213
8248040	199
8248041	156
8248042	83
8248043	101
8248044	163
8248055	88
8248056	195
8248057	92
8248058	70
8248065	132
8248066	302
8248067	170
8248068	199
8248069	134
8248080	183
8248081	199
8248082	127
8248083	107
8248084	164
8259352	101
8259353	267
8259354	49
8259355	164
8265527	90
8265528	279
8265529	144
8265530	91
8278321	219
8278322	129
8278323	103
8278324	94
8278325	161
8278326	80
8302777	97
8302778	96
8302779	131
8302780	113
8302781	135
8309908	71
8309909	135
8309911	134
8309912	126
8316530	199
8316531	99
8316532	108
8316533	142
8316544	168
8316545	208
8316546	56
8316547	122
8316548	93
8323971	310
8337215	70
8337216	100
8337217	180
8337218	130
8345111	106
8345112	121
8345113	96
8345114	84
8345115	116
8345116	90
8345117	82
8345118	87
8345119	78
8357805	206
8367417	174
8367418	119
8367419	155
8367420	142
8367438	231
8367439	207
8367440	163
8378278	63
8378279	123
8378280	220
8378281	181
8378282	223
8385776	117
8387510	197
8388106	134
8388107	144
8396255	154
8408847	141
8408848	116
8408849	39
8408850	142
8408851	66
8408852	126
8408853	83
8408857	147
8408858	132
8408859	106
8408860	188
8408861	49
8408862	61
8415446	240
8415447	138
8415448	145
8415459	198
8415460	260
8415461	72
8415462	46
8415463	90
8415472	135
8415473	331
8415474	73
8415475	62
8415484	193
8415485	82
8415486	69
8418093	73
8418094	105
8418095	99
8418096	68
8418098	119
8418100	41
8418101	60
8445081	71
8445082	79
8445083	73
8445084	116
8445085	56
8445086	139
8445087	97
8445089	62
8448164	264
8463874	117
8469655	255
8469656	151
8469657	100
8493204	156
8493205	103
8493206	90
8493207	62
8493214	125
8493215	247
8493225	129
8493226	186
8493227	91
8493228	105
8502627	174
8502628	194
8502629	172
8502630	159
8502641	103
8502642	192
8502643	116
8502644	115
8502645	100
8502646	56
8502647	255
8502648	92
8511067	188
8511068	192
8511069	124
8511077	169
8511078	150
8511079	70
8511080	101
8511081	125
8511082	240
8511091	275
8511092	101
8511093	135
8511094	166
8511101	135
8511102	120
8511103	79
8511104	165
8511112	123
8511113	203
8511114	137
8511115	145
8511124	147
8511125	154
8511126	87
8511132	222
8511133	196
8511134	131
8511135	212
8511141	139
8511142	273
8511143	95
8511144	126
8511145	147
8539213	251
8539217	182
8539218	116
8539219	259
8545314	233
8545315	224
8545316	229
8545317	140
8545318	131
8545319	58
8545327	214
8545328	264
8545332	139
8545333	216
8545342	253
8545343	330
8545344	240
8545345	180
8545346	245
8545347	87
8545348	201
8545349	163
8545350	143
8545351	152
8545352	205
8545353	219
8545354	208
8545355	214
8545356	193
8545357	87
8545358	235
8545359	264
8545360	193
8545361	282
8545365	52
8545366	159
8545367	139
8545368	137
8545369	140
8545380	148
8545382	129
8545383	126
8545384	123
8545385	103
8545386	147
8545395	351
8545397	160
8545398	136
8545399	159
8545400	153
8545410	335
8545415	166
8545416	177
8545426	251
8545427	160
8545428	213
8545429	138
8545430	110
8545431	229
8545432	162
8545433	192
8545434	199
8545435	149
8545436	285
8545437	266
8545438	298
8545439	245
8545440	192
8547082	220
8562957	177
8573586	445
8576491	93
8576492	109
8576493	108
8576495	85
8576496	127
8576497	114
8622190	187
8652524	259
8657668	201
8657669	108
8657672	107
8657674	205
8657675	176
8657676	154
8662836	261
8668688	218
8668690	131
8668691	103
8668692	155
8668693	150
8668694	197
8685106	228
8685110	90
8685111	210
8685112	159
8685118	96
8685119	225
8685125	134
8685126	165
8685133	244
8685137	165
8685138	307
8685145	162
8685148	75
8685149	217
8685150	117
8685154	195
8685156	125
8685157	175
8685158	153
8685159	138
8685166	95
8685167	83
8685168	103
8685169	172
8685170	278
8685176	274
8685177	140
8685178	286
8685179	144
8685183	176
8685184	93
8685185	174
8685186	226
8685187	161
8685188	193
8685189	145
8685190	118
8685191	260
8685194	175
8685195	160
8692748	139
8692752	41
8692753	241
8692754	139
8692763	225
8692764	106
8692765	136
8692772	144
8692776	115
8692777	119
8692778	241
8692787	211
8692788	93
8692789	141
8698927	114
8698928	91
8698929	174
8698930	102
8698931	74
8698932	105
8698933	46
8715875	132
8715876	63
8715877	70
8715878	137
8715879	106
8715880	93
8715881	148
8728884	228
8728887	283
8728889	147
8728890	163
8728897	168
8728901	243
8728902	108
8728903	158
8728904	138
8729322	307
8729326	163
8729327	160
8729328	208
8729329	159
8729376	200
8729379	156
8729380	158
8729381	159
8729382	112
8729383	111
8731795	233
8731799	81
8731800	197
8745534	371
8745538	109
8745539	161
8745717	196
8745721	120
8745722	103
8745723	90
8746082	113
8746083	148
8746084	208
8746085	102
8746086	112
8760628	198
8760629	161
8762276	152
8762278	78
8762279	59
8762280	171
8773296	71
8798263	154
8800509	294
8813708	366
8819552	145
8868952	127
8868953	178
8868954	126
8942942	81
8942943	145
8942944	110
8942945	89
8949608	132
8949609	106
8949610	85
8949622	250
8949624	67
8949625	146
8949626	90
8949735	77
8949736	129
8949737	112
8949738	155
8949788	49
8949789	91
8949790	116
8949791	88
8952659	67
8952664	247
8952665	243
8952670	178
8952673	80
8952674	155
8952675	154
8952676	131
8952680	269
8952683	92
8952684	112
8952685	406
8952686	181
8958854	311
8958856	389
8958857	99
8958858	156
8958859	179
8958865	249
8958866	120
8958867	167
8958868	91
8958869	206
8958870	148
8958871	190
8958872	113
8958873	163
8958874	187
8958875	121
8958876	236
8958877	237
8958878	184
8958879	122
8958880	265
8958881	176
8958882	92
8958883	153
8964921	55
8964922	71
8964923	85
8964924	101
8964925	74
8966189	186
8977577	200
8977578	120
8977579	94
8977580	177
8977581	75
8977582	171
8977583	104
8977584	248
8977585	122
8977586	173
8977587	191
8977588	146
8977589	182
8977590	148
8991024	132
8991028	184
8991029	100
8991036	96
8991037	199
8991038	193
8991039	162
8991045	138
8991049	139
8991050	84
8991051	214
9006066	129
9025407	120
9025408	83
9025409	105
9025410	117
9025411	119
9025412	146
9025414	92
9025415	113
9025416	116
9025417	145
9026531	237
9033611	184
9033612	197
9033613	124
9033614	160
9033615	89
9033616	102
9033617	246
9033618	185
9033619	172
9033620	187
9033621	147
9033622	97
9065456	270
9082373	95
9082377	118
9082378	106
9082379	110
9082402	153
9082404	289
9082405	300
9082406	209
9082410	133
9082424	128
9091864	294
9113046	97
9113047	114
9113049	106
9113051	260
9122108	266
9122118	83
9122120	244
9122121	273
9122134	311
9122136	193
9122146	108
9122147	103
9122148	107
9122149	114
9137365	212
9137375	107
9137376	224
9137378	173
9137386	167
9137387	169
9137388	82
9137389	101
9137391	269
9137392	224
9145437	282
9145438	136
9145439	134
9145441	261
9145442	163
9145443	65
9145445	150
9145446	152
9145447	124
9145448	203
9145449	208
9145451	154
9145452	178
9145453	259
9145455	241
9145456	174
9145457	199
9145458	209
9145459	105
9145460	192
9145461	94
9153410	459
9157954	162
9165789	97
9165790	100
9165791	86
9165792	56
9165793	106
9165794	74
9165795	68
9165796	120
9165797	73
9165798	94
9165799	87
9165800	164
9180867	149
9180879	280
9183367	153
9204812	99
9204813	116
9204814	148
9204815	98
9204816	105
9204817	94
9204877	281
9205475	129
9205480	170
9205488	128
9205491	169
9205493	115
9207887	109
9207890	195
9232063	268
9232066	217
9232067	220
9238182	84
9239151	289
9239152	177
9243167	202
9246106	170
9246118	255
9255245	125
9255246	108
9255247	176
9288109	179
9300842	190
9300843	143
9300844	47
9300845	218
9332131	172
9332132	268
9332133	120
9332134	167
9365493	288
9365494	174
9380630	124
9380633	148
9401280	224
9402004	80
9404359	162
9416044	119
9416045	151
9416046	54
9416047	99
9416048	98
9428513	122
9435848	215
9452758	79
9494299	207
9494300	213
9494301	72
9494302	302
9494303	101
9505626	145
9505627	103
9505628	93
9505629	80
9505630	51
9505631	179
9505632	107
9525286	252
9536999	139
9537001	174
9537002	184
9567571	199
9567572	76
9567573	150
9567574	285
9567575	218
9567576	209
9568793	251
9569912	130
9582772	151
9582773	75
9582774	101
9582775	130
9582777	171
9600345	263
9615704	113
9652262	133
9652264	53
9652266	93
9652268	98
9744541	307
9753876	142
9753877	99
9753878	358
9753879	179
9753880	210
9753881	127
9753882	209
9753883	158
9753884	177
9753885	160
9753886	121
9753887	138
9753888	105
9753889	131
9753890	135
9753891	179
9765659	200
9767760	69
9767782	303
9767783	145
9767815	345
9767824	157
9767829	251
9767831	220
9767843	101
9767844	269
9767861	357
9767876	168
9767878	132
9767892	130
9767893	194
9767901	237
9767913	275
9767915	146
9767938	88
9767955	165
9768004	109
9768045	91
9779053	394
9782192	252
9793045	119
9793057	160
9793058	251
9793870	88
9798468	120
9798469	248
9810310	56
9810311	200
9810312	219
9810313	185
9814221	121
9814222	109
9814223	104
9819592	313
9819594	207
9819595	145
9819596	142
9819597	94
9819606	159
9819608	155
9819609	139
9826738	203
9834785	150
9835933	94
9835939	181
9835940	134
9841509	200
9843905	191
9848772	259
9850697	201
9850699	291
9850700	172
9850702	146
9856135	192
9856136	241
9857579	110
9857580	225
9857581	115
9857582	187
9857583	79
9857584	324
9858475	424
9858970	189
9879322	113
9879324	360
9879327	125
9879328	73
9879329	75
9879330	87
9879331	142
9879334	154
9879335	225
9879336	166
9879337	127
9879338	107
9887085	183
9893693	226
9893695	196
9893697	121
9893699	198
9893700	141
9893701	254
9893702	253
9893703	173
9922794	158
9922795	158
9922796	118
9922797	86
9922801	114
9923229	75
9923230	74
9923231	75
9923232	113
9923233	80
9927595	124
9931030	246
9934070	70
9934071	98
9934072	88
9950244	243
9950948	279
9951508	200
9951509	149
9989305	78
9989306	188
10021457	269
10026722	184
10026723	153
10026724	161
10066678	249
10071633	213
10071636	224
10073176	334
10076604	242
10076605	294
10092641	249
10093231	90
10093240	79
10093241	57
10093242	84
10093243	175
10093244	118
10093245	196
10093246	119
10093247	105
10093248	98
10093249	143
10093250	276
10093251	150
10093252	201
10093253	124
10093254	106
10093256	169
10093257	66
10093258	142
10093259	181
10093260	157
10093261	212
10093266	190
10093267	181
10093268	169
10093270	200
10093271	239
10093272	181
10093273	202
10093274	117
10093275	176
10093276	144
10093277	129
10093278	111
10093280	86
10093281	186
10093282	185
10093283	104
10093284	185
10093286	112
10093288	92
10093289	95
10093290	151
10093292	128
10093293	134
10093294	176
10093295	158
10093296	136
10093297	119
10093299	174
10093300	146
10093301	179
10093302	275
10093303	142
10093307	218
10093309	107
10093310	223
10093311	216
10093312	145
10093314	175
10093315	151
10093317	161
10093318	118
10093319	142
10093320	118
10093323	194
10093324	185
10093325	171
10093326	139
10093327	115
10093328	134
10093329	52
10093330	188
10093337	326
10093338	126
10093339	124
10093340	104
10093341	158
10093342	169
10093343	134
10093344	176
10093345	222
10093346	187
10093347	171
10093348	196
10093349	181
10093351	372
10093352	107
10093353	151
10093354	146
10093355	144
10093356	100
10093358	300
10093361	158
10093362	101
10093363	189
10093364	204
10093366	96
10093367	149
10093368	202
10093369	199
10093370	124
10093371	104
10093373	188
10093374	107
10093375	53
10093376	99
10093377	148
10093378	252
10093379	267
10093380	194
10093381	134
10093382	185
10093603	239
10093604	178
10093605	115
10093607	143
10121506	249
10189912	250
10189913	154
10198408	289
10198415	231
10208067	137
10208068	152
10208069	232
10208070	243
10208071	123
10209545	165
10209548	205
10209549	187
10209550	121
10223186	292
10228468	167
10228469	246
10228471	114
10228472	167
10228485	189
10230418	242
10230419	184
10232678	255
10318966	229
10325941	104
10334382	181
10337347	247
10360191	274
10360194	203
10360195	218
10360196	213
10366940	180
10366941	162
10379357	219
10382460	150
10382462	116
10393374	119
10394378	261
10394380	238
10394381	236
10397723	200
10399504	164
10399505	188
10399506	219
10399507	224
10414248	139
10414252	185
10420894	151
10429337	139
10429339	133
10429340	186
10429341	224
10429342	100
10442063	184
10442064	152
10442065	153
10442066	190
10442067	234
10442068	202
10442069	130
10444498	208
10444576	193
10444578	209
10444581	246
10446933	261
10469627	257
10474420	141
10477147	181
10484525	356
10502109	182
10505682	279
10506872	189
10506873	176
10506875	151
10506876	166
10506879	98
10510339	173
10518972	184
10518973	210
10520322	96
10520323	110
10526559	64
10526560	147
10526564	196
10526567	183
10528466	254
10528467	200
10528468	151
10528469	163
10528470	159
10528471	172
10528472	111
10544700	309
10544701	133
10544702	276
10544716	308
10544717	177
10554613	177
10554615	205
10554616	184
10554617	169
10566283	89
10566286	97
10566288	303
10584121	271
10585398	245
10587725	77
10587726	100
10587728	177
10598157	244
10599270	281
10599271	196
10605458	144
10605460	101
10605461	72
10605462	80
10605463	88
10605464	109
10605465	125
10605466	178
10605467	109
10605468	264
10605480	184
10611545	339
10613201	136
10613203	249
10613204	155
10615827	148
10615828	161
10615829	119
10615830	113
10615831	196
10615832	181
10615833	272
10629697	143
10636020	132
10636021	185
10636023	314
10640067	89
10640071	135
10644654	161
10644655	191
10657966	276
10682040	116
10682042	199
10682059	175
10686970	218
10686972	166
10701410	316
10701411	150
10705902	131
10705903	186
10719452	137
10719454	110
10719455	168
10738512	228
10738514	241
10738515	110
10744131	247
10744786	272
10745942	206
10745943	158
10751213	170
10753204	204
10761524	135
10761526	197
10761527	216
10780206	236
10797826	121
10797828	151
10797830	125
10797833	82
10808835	114
10808836	82
10808837	104
10808838	94
10816722	63
10816724	204
10827794	155
10827795	205
10836980	249
10850001	103
10850002	181
10850003	114
10850004	241
10850005	112
10850006	182
10850007	264
10850008	117
10850009	212
10850010	131
10851054	173
10856711	150
10866041	280
10874915	105
10874916	112
10874918	268
10874919	161
10874922	245
10874923	194
10889669	91
10894786	188
10901793	145
10901796	189
10903903	140
10906941	299
10910955	235
10914700	271
10916537	166
10916538	237
10919858	261
10938694	99
10938697	175
10938698	233
10953339	263
10966925	219
10966935	242
10973964	204
10978749	173
10998825	149
10998828	220
10998829	228
10998830	197
10998831	195
11035029	229
11045124	123
11045126	141
11051954	88
11051959	76
11053490	187
11072367	148
11072368	146
11072379	129
11072380	114
11072381	98
11089508	255
11090629	131
11094620	311
11097619	246
11098277	108
11098278	175
11098280	209
11102551	255
11111511	142
11111512	68
11119544	206
11133521	278
11134245	265
11149084	226
11149085	129
11155723	132
11155724	136
11155725	203
11155726	125
11155728	131
11155729	163
11155730	118
11155731	177
11155733	217
11155734	177
11155735	172
11155736	224
11155737	224
11155738	189
11158210	249
11158268	269
11161205	95
11162495	140
11195843	130
11196060	162
11196061	230
11196675	244
11208608	170
11209660	117
11209662	162
11209663	173
11209664	210
11209665	171
11209666	141
11209668	244
11209669	127
11209670	187
11209671	222
11209672	223
11209674	86
11209677	131
11209678	167
11209679	202
11210585	68
11210588	114
11223273	187
11225484	308
11238885	167
11242757	92
11242761	68
11242764	171
11244626	74
11244629	239
11244630	154
11244817	343
11244819	176
11249863	335
11252979	320
11252980	345
11256223	248
11261160	70
11261163	105
11262803	102
11262811	186
11262813	146
11263991	140
11265890	167
11265893	81
11268900	99
11274445	214
11281857	100
11281858	208
11281859	236
11281860	187
11281861	259
11281862	254
11281863	220
11281864	276
11281865	226
11281866	284
11281870	45
11281871	294
11281872	241
11281873	261
11281874	257
11281875	158
11281876	195
11281881	149
11281882	136
11281883	252
11281884	273
11281885	299
11281886	198
11281891	62
11281892	240
11281893	248
11281894	199
11281895	196
11281896	256
11281899	151
11281900	240
11281901	163
11281902	237
11281903	217
11281904	128
11281907	224
11281908	266
11281909	216
11281910	127
11281911	260
11281912	323
11281913	122
11281914	276
11281916	212
11281917	302
11281918	215
11281919	236
11281920	120
11281921	260
11281925	335
11281926	262
11281927	280
11281928	250
11281929	258
11281930	193
11281931	256
11281933	297
11281934	245
11281935	166
11281936	248
11281937	173
11285785	357
11285786	321
11286594	145
11286601	113
11287190	143
11304736	191
11307493	161
11307496	122
11307497	92
11307498	117
11317918	197
11317923	182
11317934	182
11317935	135
11317937	188
11326305	184
11329264	275
11346908	221
11352848	246
11353329	108
11353665	320
11358819	241
11359537	200
11359538	153
11359539	352
11359541	238
11360729	145
11360733	163
11360743	175
11371211	238
11388155	103
11390454	262
11390896	52
11399654	232
11399657	307
11402935	112
11402936	212
11402943	93
11402945	103
11413150	221
11413852	173
11428219	216
11428220	214
11428221	286
11428223	214
11428224	132
11428225	174
11428226	64
11433002	247
11433694	308
11433725	144
11433733	81
11433735	168
11457874	195
11471282	150
11471284	250
11471285	174
11478369	154
11479068	60
11493320	248
11496061	131
11505839	257
11505840	189
11507959	114
11507960	156
11507962	150
11507963	272
11507964	117
11507966	171
11507967	159
11507969	118
11507970	226
11507972	181
11507973	198
11507974	210
11507975	210
11507976	109
11507977	92
11507978	176
11507979	181
11507980	92
11507981	173
11507982	83
11507983	128
11507984	127
11507986	142
11507987	209
11507988	215
11507989	165
11507990	189
11507991	192
11518772	276
11538358	157
11541301	101
11543611	182
11546646	220
11553510	178
11562428	246
11573975	254
11577577	188
11577578	196
11577580	165
11577581	149
11577583	108
11577585	209
11577586	195
11577587	222
11577588	212
11577589	148
11577590	139
11590874	170
11590875	79
11590877	164
11590880	200
11590881	73
11590885	130
11603093	132
11603262	124
11603269	166
11603275	162
11603276	145
11606480	213
11625658	137
11675390	271
11678722	194
11682480	280
11688200	164
11688207	110
11688208	349
11703493	34
11709821	439
11709824	175
11712211	184
11712212	231
11721485	237
11725622	1180
11732474	250
11739110	208
11739506	203
11745993	245
11756233	185
11759342	254
11759343	235
11759344	294
11760593	327
11760600	152
11760601	193
11768421	115
11768422	199
11768425	87
11768427	196
11768429	194
11768430	167
11768431	146
11768432	90
11768433	124
11768435	96
11768437	165
11768438	101
11768439	272
11768440	120
11768441	171
11768443	68
11768445	189
11768446	148
11768447	199
11769071	169
11773613	354
11776706	323
11819917	289
11819920	133
11819926	198
11826297	157
11826584	137
11826585	240
11826587	131
11826588	140
11832435	219
11832436	304
11850985	108
11850990	86
11850991	168
11856763	230
11859733	137
11859738	159
11865720	150
11865726	290
11865727	293
11865857	134
11865858	150
11865859	97
11865861	130
11865930	83
11865932	181
11865933	88
11868701	89
11868703	122
11868704	98
11868705	138
11868706	46
11868707	176
11868718	73
11868719	173
11868736	106
11868738	105
11868742	97
11868743	110
11868744	213
11868745	106
11868954	99
11868956	113
11868958	97
11874905	192
11880317	233
11880339	140
11882592	265
11883365	149
11883368	112
11883371	267
11899682	180
11899690	213
11911848	252
11912242	262
11913083	220
11915844	172
11916341	99
11916342	94
11916344	181
11923195	204
11923210	154
11924553	84
11929749	197
11933733	343
11933740	173
11933746	250
11933751	232
11940604	238
11961030	95
11963373	119
11969406	159
11984970	281
11984974	229
11984975	74
11984976	192
11995380	235
11995385	207
11997329	236
12002942	106
12002946	146
12002948	226
12002949	173
12007501	165
12014444	194
12022874	313
12031050	91
12031057	210
12046713	110
12046714	145
12046715	82
12046716	85
12051769	232
12060603	228
12068800	281
12078957	198
12078958	225
12078959	175
12078960	217
12078962	275
12078963	69
12078965	252
12078967	195
12078968	154
12130653	333
12135761	147
12137176	208
12148129	169
12148132	179
12148134	134
12148143	177
12148259	291
12148260	303
12148354	120
12148355	235
12148359	181
12148360	170
12148365	148
12148372	117
12148373	83
12148374	70
12148375	83
12148381	186
12148384	194
12148385	202
12148386	161
12148387	176
12148454	110
12148455	228
12162093	336
12180769	108
12180770	91
12180774	64
12192727	257
12192731	231
12199660	235
12199665	116
12212510	183
12212516	153
12217855	243
12238276	132
12238277	271
12269757	105
12269758	102
12269762	165
12355995	315
12355999	195
12356000	111
12356003	129
12356004	153
12369110	147
12369113	143
12372767	207
12375392	180
12375393	144
12375394	175
12378968	133
12378969	213
12378970	182
12378972	226
12378978	271
12378979	177
12378980	198
12380570	161
12385059	203
12388387	192
12388392	225
12388400	314
12388409	308
12388413	244
12388415	292
12395740	175
12395742	234
12402754	254
12402759	194
12402761	311
12411748	207
12422485	154
12422486	149
12426975	140
12426979	372
12426980	296
12436927	280
12448329	354
12448332	170
12448333	129
12448334	177
12449395	173
12460900	249
12467154	386
12472882	344
12479565	218
12489321	344
12497718	122
12497719	216
12497722	103
12497724	142
12518070	111
12518071	135
12518076	112
12524646	189
12530963	122
12546188	237
12546195	198
12546842	74
12556362	196
12579084	219
12585816	81
12585817	98
12585819	192
12585821	195
12585822	153
12585823	105
12585824	75
12603385	156
12610384	115
12610385	221
12610394	106
12610395	217
12610396	144
12610449	246
12610455	173
12610456	259
12610457	220
12610465	109
12610466	109
12610467	65
12610468	94
12610474	175
12610475	138
12646711	259
12653033	135
12657563	320
12670898	137
12675324	90
12675327	97
12682079	235
12684228	230
12692261	248
12700350	194
12712684	151
12712685	127
12712686	183
12712920	275
12712921	189
12714904	234
12714907	266
12714908	124
12714915	184
12714923	197
12725338	191
12725344	245
